# oST version 5.0 parameters


[image]

width
1280

height
720

[narrow_stereo]

camera matrix
605.916516 0.000000 621.387539
0.000000 580.434399 330.520308
0.000000 0.000000 1.000000

distortion
0.397288 -0.065321 -0.009156 -0.002806 0.000000

rectification
1.000000 0.000000 0.000000
0.000000 1.000000 0.000000
0.000000 0.000000 1.000000

projection
790.400146 0.000000 621.694924 0.000000
0.000000 758.115417 325.625110 0.000000
0.000000 0.000000 1.000000 0.000000

