image_width: 1280
image_height: 720
camera_name: narrow_stereo
camera_matrix:
  rows: 3
  cols: 3
  data: [605.916516, 0.000000, 621.387539, 0.000000, 580.434399, 330.520308, 0.000000, 0.000000, 1.000000]
distortion_model: plumb_bob
distortion_coefficients:
  rows: 1
  cols: 5
  data: [0.397288, -0.065321, -0.009156, -0.002806, 0.000000]
rectification_matrix:
  rows: 3
  cols: 3
  data: [1.000000, 0.000000, 0.000000, 0.000000, 1.000000, 0.000000, 0.000000, 0.000000, 1.000000]
projection_matrix:
  rows: 3
  cols: 4
  data: [790.400146, 0.000000, 621.694924, 0.000000, 0.000000, 758.115417, 325.625110, 0.000000, 0.000000, 0.000000, 1.000000, 0.000000]
