# oST version 5.0 parameters


[image]

width
1280

height
720

[narrow_stereo]

camera matrix
629.734592 0.000000 616.253449
0.000000 602.587201 332.376998
0.000000 0.000000 1.000000

distortion
0.416377 -0.018825 -0.005234 -0.005426 0.000000

rectification
1.000000 0.000000 0.000000
0.000000 1.000000 0.000000
0.000000 0.000000 1.000000

projection
840.107483 0.000000 616.244230 0.000000
0.000000 804.209229 330.775716 0.000000
0.000000 0.000000 1.000000 0.000000
	    
