image_width: 1280
image_height: 720
camera_name: narrow_stereo
camera_matrix:
  rows: 3
  cols: 3
  data: [629.734592, 0, 616.253449, 0, 602.5872010000001, 332.376998, 0, 0, 1]
distortion_model: plumb_bob
distortion_coefficients:
  rows: 1
  cols: 5
  data: [0.416377, -0.018825, -0.005234, -0.005425999999999999, 0]
rectification_matrix:
  rows: 3
  cols: 3
  data: [1, 0, 0, 0, 1, 0, 0, 0, 1]
projection_matrix:
  rows: 3
  cols: 4
  data: [840.107483, 0, 616.24423, 0, 0, 804.2092290000001, 330.775716, 0, 0, 0, 1, 0]