# oST version 5.0 parameters


[image]

width
640

height
480

[narrow_stereo]

camera matrix
359.725437 0.000000 323.682873
0.000000 369.815011 252.206505
0.000000 0.000000 1.000000

distortion
-0.286140 0.068880 0.001344 -0.000582 0.000000

rectification
1.000000 0.000000 0.000000
0.000000 1.000000 0.000000
0.000000 0.000000 1.000000

projection
260.884735 0.000000 323.656337 0.000000
0.000000 316.156860 257.439126 0.000000
0.000000 0.000000 1.000000 0.000000

